
       Результат, полученный классическим методом Рунге-Кутты

       0     0.000000000000000E+00     0.100000000000000E+01
       1     0.100000000000000E-03     0.100000000500000E+01
       2     0.200000000000000E-03     0.100000002000000E+01
       3     0.300000000000000E-03     0.100000004500000E+01
       4     0.400000000000000E-03     0.100000008000000E+01
       5     0.500000000000000E-03     0.100000012500000E+01
       6     0.600000000000000E-03     0.100000018000001E+01
       7     0.700000000000000E-03     0.100000024500001E+01
       8     0.800000000000000E-03     0.100000032000002E+01
       9     0.900000000000000E-03     0.100000040500003E+01
      10     0.100000000000000E-02     0.100000050000004E+01
      11     0.110000000000000E-02     0.100000060500006E+01
      12     0.120000000000000E-02     0.100000072000009E+01
      13     0.130000000000000E-02     0.100000084500012E+01
      14     0.140000000000000E-02     0.100000098000016E+01
      15     0.150000000000000E-02     0.100000112500021E+01
      16     0.160000000000000E-02     0.100000128000027E+01
      17     0.170000000000000E-02     0.100000144500035E+01
      18     0.180000000000000E-02     0.100000162000044E+01
      19     0.190000000000000E-02     0.100000180500054E+01
      20     0.200000000000000E-02     0.100000200000067E+01
      21     0.210000000000000E-02     0.100000220500081E+01
      22     0.220000000000000E-02     0.100000242000098E+01
      23     0.230000000000000E-02     0.100000264500117E+01
      24     0.240000000000000E-02     0.100000288000138E+01
      25     0.250000000000000E-02     0.100000312500163E+01
      26     0.260000000000000E-02     0.100000338000190E+01
      27     0.270000000000000E-02     0.100000364500221E+01
      28     0.280000000000000E-02     0.100000392000256E+01
      29     0.290000000000000E-02     0.100000420500295E+01
      30     0.300000000000000E-02     0.100000450000338E+01
      31     0.310000000000000E-02     0.100000480500385E+01
      32     0.320000000000000E-02     0.100000512000437E+01
      33     0.330000000000000E-02     0.100000544500494E+01
      34     0.340000000000000E-02     0.100000578000557E+01
      35     0.350000000000000E-02     0.100000612500625E+01
      36     0.360000000000000E-02     0.100000648000700E+01
      37     0.370000000000000E-02     0.100000684500781E+01
      38     0.380000000000000E-02     0.100000722000869E+01
      39     0.390000000000000E-02     0.100000760500964E+01
      40     0.400000000000000E-02     0.100000800001067E+01
      41     0.410000000000000E-02     0.100000840501177E+01
      42     0.420000000000000E-02     0.100000882001297E+01
      43     0.430000000000000E-02     0.100000924501425E+01
      44     0.440000000000000E-02     0.100000968001562E+01
      45     0.450000000000000E-02     0.100001012501709E+01
      46     0.460000000000000E-02     0.100001058001866E+01
      47     0.470000000000000E-02     0.100001104502033E+01
      48     0.480000000000000E-02     0.100001152002212E+01
      49     0.490000000000000E-02     0.100001200502402E+01
      50     0.500000000000000E-02     0.100001250002604E+01
      51     0.510000000000000E-02     0.100001300502819E+01
      52     0.520000000000000E-02     0.100001352003047E+01
      53     0.530000000000000E-02     0.100001404503288E+01
      54     0.540000000000000E-02     0.100001458003543E+01
      55     0.550000000000000E-02     0.100001512503813E+01
      56     0.560000000000000E-02     0.100001568004098E+01
      57     0.570000000000000E-02     0.100001624504398E+01
      58     0.580000000000000E-02     0.100001682004715E+01
      59     0.590000000000000E-02     0.100001740505049E+01
      60     0.600000000000000E-02     0.100001800005400E+01
      61     0.610000000000000E-02     0.100001860505769E+01
      62     0.620000000000000E-02     0.100001922006157E+01
      63     0.630000000000000E-02     0.100001984506564E+01
      64     0.640000000000000E-02     0.100002048006991E+01
      65     0.650000000000000E-02     0.100002112507438E+01
      66     0.660000000000000E-02     0.100002178007906E+01
      67     0.670000000000000E-02     0.100002244508396E+01
      68     0.680000000000000E-02     0.100002312008909E+01
      69     0.690000000000000E-02     0.100002380509445E+01
      70     0.700000000000000E-02     0.100002450010004E+01
      71     0.710000000000000E-02     0.100002520510588E+01
      72     0.720000000000000E-02     0.100002592011197E+01
      73     0.730000000000000E-02     0.100002664511833E+01
      74     0.740000000000000E-02     0.100002738012494E+01
      75     0.750000000000000E-02     0.100002812513184E+01
      76     0.760000000000000E-02     0.100002888013901E+01
      77     0.770000000000000E-02     0.100002964514647E+01
      78     0.780000000000000E-02     0.100003042015423E+01
      79     0.790000000000000E-02     0.100003120516229E+01
      80     0.800000000000000E-02     0.100003200017067E+01
      81     0.810000000000000E-02     0.100003280517936E+01
      82     0.820000000000000E-02     0.100003362018838E+01
      83     0.830000000000000E-02     0.100003444519774E+01
      84     0.840000000000000E-02     0.100003528020745E+01
      85     0.850000000000000E-02     0.100003612521750E+01
      86     0.860000000000000E-02     0.100003698022792E+01
      87     0.870000000000000E-02     0.100003784523871E+01
      88     0.880000000000000E-02     0.100003872024987E+01
      89     0.890000000000000E-02     0.100003960526143E+01
      90     0.900000000000000E-02     0.100004050027338E+01
      91     0.910000000000000E-02     0.100004140528573E+01
      92     0.920000000000000E-02     0.100004232029850E+01
      93     0.930000000000000E-02     0.100004324531169E+01
      94     0.940000000000000E-02     0.100004418032531E+01
      95     0.950000000000000E-02     0.100004512533938E+01
      96     0.960000000000000E-02     0.100004608035390E+01
      97     0.970000000000000E-02     0.100004704536887E+01
      98     0.980000000000000E-02     0.100004802038432E+01
      99     0.990000000000000E-02     0.100004900540025E+01
     100     0.100000000000000E-01     0.100005000041667E+01

